pos:50354998
start-block-hash:0x34bb1944e7b26839da7bde3f95be033c56e7845c3e50ad6111a17430fc0062b6 
start-send-root:0x41636d32669b6219e80169f455890eb4b8ca0776cc68c09e55bd829781faf7a6 
start-batch:30495 
start-pos-in-batch:1024
end-block-hash:0xe550831b53b44e5d0135645fe622690fff32a01278ef009cc6ae46a604dca95d
end-send-root:0x41636d32669b6219e80169f455890eb4b8ca0776cc68c09e55bd829781faf7a6 
end-batch:30495 
end-pos-in-batch:1025
has-delayed-msg: false
delayed-msg-nr: 0
l2-msg:[3 0 0 0 0 0 0 2 151 4 2 249 2 146 130 164 186 131 10 168 216 128 132 1 49 45 0 131 5 189 245 148 210 197 27 20 202 105 215 229 87 113 154 133 52 225 197 81 79 40 219 59 128 185 2 36 87 4 81 143 0 0 0 0 0 0 0 0 0 0 0 0 0 0 0 0 0 0 0 0 0 0 0 0 0 0 0 0 0 0 0 109 112 249 49 194 15 86 228 244 158 109 80 158 17 157 227 207 186 190 228 170 2 13 72 122 189 18 236 248 122 156 130 167 0 0 0 0 0 0 0 0 0 0 0 0 0 0 0 0 0 0 0 0 0 0 0 0 0 0 0 0 0 0 0 128 0 0 0 0 0 0 0 0 0 0 0 0 56 235 121 24 75 17 249 70 75 11 170 118 129 208 55 117 193 198 57 129 0 0 0 0 0 0 0 0 0 0 0 0 0 0 0 0 0 0 0 0 0 0 0 0 0 0 0 0 0 0 1 128 38 168 109 200 61 102 122 25 99 128 69 216 124 34 60 35 233 194 29 81 107 236 184 75 58 152 60 207 229 92 85 30 8 142 201 61 17 144 54 225 8 40 193 51 31 118 62 154 247 212 43 58 194 136 75 15 105 61 95 85 211 49 121 230 4 50 132 222 223 159 215 89 41 42 224 25 222 253 129 236 88 122 216 198 253 24 255 165 48 105 172 38 128 253 45 23 8 104 124 121 67 163 74 251 14 179 245 123 248 205 20 209 111 188 222 105 194 67 178 232 122 185 2 72 53 37 252 134 47 157 58 203 73 89 215 78 9 35 67 145 107 254 84 74 239 162 72 227 102 130 254 207 25 86 113 171 86 28 101 72 2 16 68 8 136 43 39 40 133 211 226 118 36 140 160 237 251 50 208 244 168 34 114 152 248 198 57 146 34 46 149 24 2 55 238 218 199 54 178 169 181 140 168 244 79 198 18 89 64 130 231 33 35 86 224 42 137 252 214 8 4 52 230 174 29 219 151 142 144 214 17 33 186 225 41 4 197 156 119 246 131 212 241 35 188 55 244 170 245 243 22 31 169 165 250 52 0 0 0 0 0 0 0 0 0 0 0 0 0 0 0 0 233 83 181 108 203 32 152 96 217 216 88 88 29 211 241 244 0 0 0 0 0 0 0 0 0 0 0 0 0 0 0 0 80 84 72 152 102 208 147 58 77 201 133 41 231 93 225 111 0 0 0 0 0 0 0 0 0 0 0 0 0 0 0 0 28 111 253 239 120 18 32 204 114 230 163 76 90 106 6 255 0 0 0 0 0 0 0 0 0 0 0 0 0 0 0 0 212 151 166 36 254 182 6 151 237 85 58 10 125 226 210 85 192 1 160 209 159 180 59 11 81 141 98 141 107 235 188 228 201 27 4 177 24 190 88 230 60 249 69 126 122 206 80 62 233 214 191 160 40 120 22 205 174 226 79 68 28 129 135 56 17 133 239 67 223 41 5 15 71 89 148 130 153 17 68 126 151 145 162 50 0 0 0 0 0 0 0 177 4 248 174 131 13 246 12 131 152 150 128 131 1 0 8 148 204 255 220 230 178 16 184 30 44 142 41 160 67 245 204 29 250 251 69 158 128 184 68 169 5 156 187 0 0 0 0 0 0 0 0 0 0 0 0 177 60 134 116 63 184 248 108 97 70 126 130 136 194 110 209 194 22 171 221 0 0 0 0 0 0 0 0 0 0 0 0 0 0 0 0 0 0 0 0 0 0 0 0 194 73 253 211 39 120 0 0 131 1 73 152 160 166 17 235 178 217 221 186 222 220 96 200 29 8 3 57 220 212 14 176 60 58 143 55 253 51 197 141 19 230 167 186 154 160 92 79 21 211 248 241 144 30 159 177 138 213 195 2 178 30 24 50 62 229 112 249 5 133 26 58 15 235 190 252 150 239]
kind:3 
poster:0xA4b000000000000000000073657175656e636572 
block-number:19275096 
timestamp:1708507149 
l1-basefee:0
msg-delayed-messages-read: 272177
delayed-msg: